
702 6000.000 7000.000 183.208 STA 1
102 5964.787 6967.471 187.695 102
202 5998.138 6952.939 186.320 202
602 6021.579 6984.449 183.673 602
603 6018.458 6985.125 183.502 602
604 6013.209 6988.047 183.218 602
605 6008.709 6991.171 183.075 602
606 5995.730 6994.149 183.517 602
607 5992.229 6986.930 183.855 602
608 5987.038 6980.484 185.126 602
609 5979.741 6974.980 186.238 602
610 5973.216 6966.593 187.170 602
611 5980.992 6962.012 186.884 602
612 5986.457 6958.948 186.673 602
613 5999.475 6956.186 185.989 602
614 6001.397 6961.928 185.625 602
615 6001.991 6968.980 185.367 602
616 6001.498 6978.558 184.572 602
617 6006.543 6973.441 184.681 602
618 6010.849 6977.688 184.097 602
619 6014.744 6980.758 183.775 602
620 6009.295 6984.529 183.682 602
621 6003.288 6982.566 184.045 602
622 6000.311 6987.695 183.584 602
623 6000.311 6987.706 183.584 602
624 5993.998 6987.589 183.721 602
625 5992.523 6981.436 184.488 602
626 5991.813 6975.475 185.368 602
627 5987.714 6969.480 186.273 602
628 5984.465 6965.049 186.628 602
629 5985.501 6960.935 186.693 602
630 5980.900 6965.312 186.736 602
631 5978.188 6968.257 186.880 602
632 5970.634 6966.449 187.183 602
633 5998.408 6972.002 185.374 602
634 5998.337 6966.250 185.770 602
635 5996.164 6961.457 186.064 602
636 6002.618 6963.286 185.476 602
637 6003.935 6970.199 185.111 602
